1506414240 0.000099 0 0 0 0 0 0
1506414240 0.000087 0 0 0 0 0 0
1506414240 0.000024 0 0 0 0 0 0
1506414240 0.000034 0 0 0 0 0 0
1506414240 0.000022 0 0 0 0 0 0
1506414240 0.000018 0 0 0 0 0 0
1506414240 0.000030 0 0 0 0 0 0
1506414240 0.000018 0 0 0 0 0 0
1506414255 0.000125 0 0 0 0 0 0
1506414255 0.000072 0 0 0 0 0 0
1506414270 0.001767 3 3 0 0 0 0
1506414270 0.000071 0 0 0 0 0 0
1506414285 0.000095 0 0 0 0 0 0
1506414285 0.000079 0 0 0 0 0 0
1506414285 0.000021 0 0 0 0 0 0
1506414285 0.000020 0 0 0 0 0 0
1506414285 0.000016 0 0 0 0 0 0
1506414285 0.000020 0 0 0 0 0 0
